0.075D0
0.05D0
0.025D0
0.025D0
0.025D0
0.025D0
0.025D0
0.025D0
0.025D0
0.025D0
0.025D0
0.025D0
0.025D0
0.025D0
0.025D0
0.025D0
0.025D0
0.025D0
0.025D0
0.025D0
0.025D0
0.025D0
0.025D0
0.025D0
0.025D0
0.025D0
0.025D0
0.025D0
0.025D0
0.025D0
0.025D0
0.025D0
0.025D0
0.025D0
0.025D0
0.025D0
0.025D0
0.025D0
0.025D0
0.025D0
0.025D0
0.025D0
0.025D0
0.025D0
0.025D0
0.025D0
0.025D0
0.025D0
0.025D0
0.025D0
0.025D0
0.025D0
0.025D0
0.025D0
0.025D0
0.025D0
0.025D0
0.025D0
0.025D0
0.025D0
0.025D0
0.025D0
0.025D0
0.025D0
0.025D0
0.05D0
0.05D0
0.05D0
0.05D0
0.05D0
0.05D0
0.1D0
0.1D0
0.1D0
0.1D0
0.2D0
0.2D0
0.2D0
0.175D0
0.325D0
