  0.50000000000000000       0.42348842482553656      -0.13349503547223027       0.28999338935330626       0.53338974195106703     
  0.52613636363636362       0.44820196294375059       -8.7649309866588546E-002  0.36055265307716200       0.52517137769138955     
  0.55227272727272725       0.46662035613095743       -4.0454957002519644E-002  0.42616539912843776       0.52050221870402580     
  0.57840909090909087       0.48069745228394445        7.4781571925985812E-003  0.48817560947654304       0.51883797511105167     
  0.60454545454545450       0.49168239841816352        5.5195841952676628E-002  0.54687824037084021       0.51971986882285515     
  0.63068181818181812       0.50040487299275638       0.10150948276770157       0.60191435576045793       0.52273835796516066     
  0.65681818181818175       0.50743384004797010       0.14515548538123554       0.65258932542920556       0.52751257489845382     
  0.68295454545454548       0.51317022060402073       0.18496924070128429       0.69813946130530502       0.53368217496800707     
  0.70909090909090911       0.51790321003293638       0.22003759464195177       0.73794080467488810       0.54090794351652716     
  0.73522727272727273       0.52184570280651998       0.24980032706853045       0.77164602987505038       0.54887743225598529     
  0.76136363636363635       0.52515725098573973       0.27408336644129466       0.79924061742703445       0.55731216806494777     
  0.78749999999999998       0.52795933764907621       0.29306151022784871       0.82102084787692486       0.56597361463735452     
  0.81363636363636360       0.53034577511627190       0.30716299785846585       0.83750877297473780       0.57466599190593615     
  0.83977272727272723       0.53238993109260746       0.31693940456877950       0.84932933566138702       0.58323512093163232     
  0.86590909090909096       0.53414984371296370       0.32292990248164377       0.85707974619460747       0.59156348533664582     
  0.89204545454545459       0.53567190280916466       0.32554815826640976       0.86122006107557436       0.59956252020939083     
  0.91818181818181821       0.53699353941999040       0.32501355946581684       0.86200709888580729       0.60716363887398195     
  0.94431818181818183       0.53814521780071622       0.32133780591023908       0.85948302371095531       0.61430963756636936     
  0.97045454545454546       0.53915192939571577       0.31436562873150614       0.85351755812722196       0.62094790029541225     
  0.99659090909090908       0.54003432623161529       0.30385715075858472       0.84389147699019995       0.62702634493598675     
   1.0227272727272727       0.54080958990196815       0.28959144632427386       0.83040103622624206       0.63249243099735608     
   1.0488636363636363       0.54149210437195194       0.27146764135531548       0.81295974572726737       0.63729492654916498     
   1.0750000000000000       0.54209398163401001       0.24958179078461185       0.79167577241862186       0.64138762918875569     
   1.1011363636363636       0.54262547587148335       0.22426407209418200       0.76688954796566544       0.64473394017672703     
   1.1272727272727272       0.54309531234969355       0.19606996437513544       0.73916527672482901       0.64731113927010875     
   1.1534090909090908       0.54351095051392873       0.16572897602392994       0.70923992653785872       0.64911338625023085     
   1.1795454545454545       0.54387879590624322       0.13406304459624926       0.67794184050249251       0.65015282603549884     
   1.2056818181818181       0.54420437196090221       0.10189226824557081       0.64609664020647295       0.65045861191839516     
   1.2318181818181819       0.54449246012068264        6.9947179033455542E-002  0.61443963915413824       0.65007409162282914     
   1.2579545454545453       0.54474721476953936        3.8804258175743296E-002  0.58355147294528265       0.64905273996279755     
   1.2840909090909092       0.54497225801680516        8.8555916535259811E-003  0.55382784967033116       0.64745361231086662     
   1.3102272727272726       0.54517075826370653       -1.9684124632869889E-002  0.52548663363083659       0.64533711205319122     
   1.3363636363636364       0.54534549564132417       -4.6737889803601697E-002  0.49860760583772246       0.64276172584617586     
   1.3625000000000000       0.54549891676304574       -7.2305081284457867E-002  0.47319383547858784       0.63978212585497285     
   1.3886363636363637       0.54563318073518496       -9.6393297039841105E-002  0.44923988369534379       0.63644872991192114     
   1.4147727272727273       0.54575019798093827      -0.11895855217860682       0.42679164580233142       0.63280851504007596     
   1.4409090909090909       0.54585166312872857      -0.13986626154715520       0.40598540158157337       0.62890665454425909     
   1.4670454545454545       0.54593908297651017      -0.15888026745866859       0.38705881551784160       0.62478843198375567     
   1.4931818181818182       0.54601380035398772      -0.17568081197715210       0.37033298837683565       0.62050088977976670     
   1.5193181818181818       0.54607701455373836      -0.18990619812801560       0.35617081642572274       0.61609378358380129     
   1.5454545454545454       0.54612979888144020      -0.20120819769517839       0.34492160118626175       0.61161960289242234     
   1.5715909090909090       0.54617311577828809      -0.20930892640186533       0.33686418937642276       0.60713263868468303     
   1.5977272727272727       0.54620782989022210      -0.21404726060558604       0.33216056928463600       0.60268728300282393     
   1.6238636363636363       0.54623471939493362      -0.21540567522354576       0.33082904417138781       0.59833589386234876     
   1.6499999999999999       0.54625448584574043      -0.21351290915665050       0.33274157668908994       0.59412662688175810     
   1.6761363636363635       0.54626776274897348      -0.20862306926503615       0.33764469348393733       0.59010161614754009     
   1.7022727272727272       0.54627512305665349      -0.20107654797024702       0.34519857508640639       0.58629579265226284     
   1.7284090909090908       0.54627708572748501      -0.19125149403530972       0.35502559169217524       0.58273648480100015     
   1.7545454545454544       0.54627412148539933      -0.17951593113430883       0.36675819035109053       0.57944378528289009     
   1.7806818181818180       0.54626665788512685      -0.16618980830377872       0.38007684958134808       0.57643152567136946     
   1.8068181818181819       0.54625508377780851      -0.15152359216385500       0.39473149161395349       0.57370860161008541     
   1.8329545454545455       0.54623975325589724      -0.13569614206920297       0.41054361118669425       0.57128035318279224     
   1.8590909090909089       0.54622098914506023      -0.11883042126620001       0.42739056787886021       0.56914972935645802     
   1.8852272727272725       0.54619908610108014      -0.10102197688782863       0.44517710921325154       0.56731804173405187     
   1.9113636363636364       0.54617431336157474       -8.2372783929174048E-002  0.46380152943240066       0.56578522119954644     
   1.9375000000000000       0.54614691719541608       -6.3022398062659940E-002  0.48312451913275611       0.56454960663254283     
   1.9636363636363636       0.54611712308686811       -4.3169429519388382E-002  0.50294769356747981       0.56360739366532298     
   1.9897727272727270       0.54608513768644984       -2.3078807778698199E-002  0.52300632990775164       0.56295193489142625     
   2.0159090909090907       0.54605115055628739       -3.0735591364387648E-003  0.54297759141984858       0.56257310121156645     
   2.0420454545454545       0.54601533573406369        1.6486856960428953E-002  0.56250219269449264       0.56245688730340893     
   2.0681818181818183       0.54597785313656100        3.5236905202605778E-002  0.58121475833916680       0.56258538180148021     
   2.0943181818181822       0.54593884982111363        5.2837720095954450E-002  0.59877656991706807       0.56293714038815934     
   2.1204545454545451       0.54589846112098006        6.9005774142479021E-002  0.61490423526345905       0.56348791605738346     
   2.1465909090909090       0.54585681166865285        8.3532186922562673E-002  0.62938899859121555       0.56421163250710515     
   2.1727272727272728       0.54581401631941340        9.6289595315076928E-002  0.64210361163449037       0.56508144651561310     
   2.1988636363636367       0.54577018098594277       0.10722620655488541       0.65299638754082823       0.56607073905862082     
   2.2250000000000001       0.54572540339350872       0.11634926745116811       0.66207467084467686       0.56715390124811105     
   2.2511363636363635       0.54567977376413179       0.12370217037718932       0.66938194414132113       0.56830683189939613     
   2.2772727272727273       0.54563337543714530       0.12934040736812044       0.67497378280526577       0.56950712636188106     
   2.3034090909090912       0.54558628543271948       0.13331143495399742       0.67889772038671692       0.57073399745632458     
   2.3295454545454546       0.54553857496416414       0.13564232611991861       0.68118090108408269       0.57196801669646946     
   2.3556818181818180       0.54549030990418057       0.13633717250027194       0.68182748240445246       0.57319078902317999     
   2.3818181818181818       0.54544155120964843       0.13538400143442145       0.68082555264406985       0.57438467385964809     
   2.4079545454545452       0.54539235530903885       0.13276896244119044       0.67816131775022925       0.57553264166445950     
   2.4340909090909091       0.54534277445609636       0.12849412129689369       0.67383689575299011       0.57661831510835282     
   2.4602272727272725       0.54529285705304265       0.12259463446206705       0.66788749151510962       0.57762619710551677     
   2.4863636363636363       0.54524264794620803       0.11515142712686720       0.66039407507307524       0.57854204437341850     
   2.5124999999999997       0.54519218869669561       0.10629663584683231       0.65148882454352797       0.57935331364474751     
   2.5386363636363636       0.54514151782840770        9.6210717644178517E-002  0.64135223547258613       0.58004959362482744     
   2.5647727272727274       0.54509067105552855        8.5111900785678082E-002  0.63020257184120665       0.58062294077071330     
   2.5909090909090908       0.54503968149134252        7.3240182805393544E-002  0.61827986429673609       0.58106805845768439     
   2.6170454545454547       0.54498857984007842        6.0839066713434919E-002  0.60582764655351340       0.58138229142244413     
   2.6431818181818181       0.54493739457330204        4.8138496148625691E-002  0.59307589072192768       0.58156544310184044     
   2.6693181818181819       0.54488615209222957        3.5341992581145426E-002  0.58022814467337502       0.58161945509157909     
   2.6954545454545453       0.54483487687720034        2.2619951981920530E-002  0.56745482885912080       0.58154800934240702     
   2.7215909090909092       0.54478359162542755        1.0109677211227727E-002  0.55489326883665524       0.58135612136891934     
   2.7477272727272726       0.54473231737803751       -2.0786878527670406E-003  0.54265362952527052       0.58104978622502168     
   2.7738636363636360       0.54468107363731655       -1.3852302252938339E-002  0.53082877138437823       0.58063572078051018     
   2.7999999999999998       0.54462987847498934       -2.5124490638087683E-002  0.51950538783690159       0.58012122058069704     
   2.8261363636363637       0.54457874863229061       -3.5805034827890068E-002  0.50877371380440062       0.57951412301085725     
   2.8522727272727271       0.54452769961250247       -4.5794105072610176E-002  0.49873359453989230       0.57882284615235691     
   2.8784090909090909       0.54447674576658989       -5.4981112805377576E-002  0.48949563296121229       0.57805645883440115     
   2.9045454545454543       0.54442590037248861       -6.3248627486374137E-002  0.48117727288611450       0.57722473411539166     
   2.9306818181818182       0.54437517570856941       -7.0480400274143679E-002  0.47389477543442576       0.57633814558833407     
   2.9568181818181816       0.54432458312173848       -7.6571702704220854E-002  0.46775288041751767       0.57540778119128977     
   2.9829545454545454       0.54427413309060879       -8.1439776381976067E-002  0.46283435670863271       0.57444516882840513     
   3.0090909090909088       0.54422383528412699       -8.5032259784394548E-002  0.45919157549973244       0.57346202768834875     
   3.0352272727272727       0.54417369861601572       -8.7331966887306475E-002  0.45684173172870918       0.57246997465272764     
   3.0613636363636361       0.54412373129535596       -8.8357207599308082E-002  0.45576652369604786       0.57148022373137275     
   3.0874999999999995       0.54407394087360506       -8.8157774588267818E-002  0.45591616628533721       0.57050331680572475     
