0.0375D0
0.1D0
0.1375D0
0.1625D0
0.1875D0
0.2125D0
0.2375D0
0.2625D0
0.2875D0
0.3125D0
0.3375D0
0.3625D0
0.3875D0
0.4125D0
0.4375D0
0.4625D0
0.4875D0
0.5125D0
0.5375D0
0.5625D0
0.5875D0
0.6125D0
0.6375D0
0.6625D0
0.6875D0
0.7125D0
0.7375D0
0.7625D0
0.7875D0
0.8125D0
0.8375D0
0.8625D0
0.8875D0
0.9125D0
0.9375D0
0.9625D0
0.9875D0
1.0125D0
1.0375D0
1.0625D0
1.0875D0
1.1125D0
1.1375D0
1.1625D0
1.1875D0
1.2125D0
1.2375D0
1.2625D0
1.2875D0
1.3125D0
1.3375D0
1.3625D0
1.3875D0
1.4125D0
1.4375D0
1.4625D0
1.4875D0
1.5125D0
1.5375D0
1.5625D0
1.5875D0
1.6125D0
1.6375D0
1.6625D0
1.6875D0
1.725D0
1.775D0
1.825D0
1.875D0
1.925D0
1.975D0
2.05D0
2.15D0
2.25D0
2.35D0
2.5D0
2.7D0
2.9D0
3.0875D0
3.3375D0
