0.00010709393318123182
0.029757850614768672
0.043161707261724504
0.06574791112370389
0.09252153701034709
0.1358497129462964
0.15369734776183855
0.181454129490004
0.2183649117988695
0.27852556894104064
0.35354454259200746
0.4874201111925274
0.5810253716647195
0.7262986226561476
0.933102425050961
1.2121475093643974
1.5371663995063756
1.9364830596232074
2.4172337805829813
2.6722054469214145
2.7195698408950895
2.5125372456881148
2.2019298701138355
1.8122260723415238
1.484839482736552
1.1988382248704494
0.9994170989331969
0.8281984541416461
0.709832495660594
0.6157891719557914
0.5456575136183106
0.4591264931738998
0.41244697172771655
0.3822783354749756
0.3383139247190652
0.3126241985776062
0.2985350934538723
0.2724817814824911
0.2849004117730688
0.281446274252139
0.24013663070833038
0.2513141272769113
0.27094582924265853
0.23532749195496855
0.24498666882662573
0.24213089800889592
0.26383709934245586
0.25809631328245447
0.27441481085048935
0.27700807244314113
0.2692752137716926
0.27737284164965914
0.26567496856216444
0.26642234748482496
0.2675850012617448
0.3137618860091041
0.32454328764873025
0.3077990029909265
0.2977169163530594
0.3496713633615648
0.3216952433638954
0.3223575871340434
0.33449195892520883
0.32609548290575857
0.32355086979508074
0.36337717620920235
0.4049734700071627
0.3845104847940498
0.4344004306593998
0.45847850469218826
0.48127553848211696
0.600582408418381
0.6773414385836246
0.7046927697587051
0.6384678547140933
0.6615091285932434
0.6103573857324012
0.7787560495064033
1.2324927295861725
0.