0.
0.
0.
-0.000025632395299965228
-0.000025696799601864504
0.00003573900051028067
0.00012635629872042125
0.0004698354747744809
0.0006843990093969485
0.0023323726629338425
0.002556176163842106
0.0029437329575786758
0.0026761948979306433
0.008953721717278899
0.00992984646316642
0.008063247177800145
0.014026952861478455
0.01613495369575627
0.020438474638883927
0.02376965014479487
0.03034547889847966
0.04219748085322474
0.054738672814708976
0.062372053190480545
0.07347706524099004
0.08722657913726256
0.11696230719067419
0.17226562147771687
0.2072324438534682
0.25215725094309377
0.2974166995141241
0.3518870118538329
0.43810785516719913
0.4764912111310828
0.5310745441010415
0.5699254206844285
0.6469769314478918
0.6863964994685972
0.6902872693890885
0.7187493422173844
0.8101440098478759
0.8553821503597153
0.8784740932140526
0.8503352025014576
0.9138456889795408
0.9051369222640355
0.9114120400901445
0.9385081044105636
0.9643682193584507
0.8873307937670315
0.9255230135510558
0.9018161989753011
0.9306679663766817
0.9536579709210012
0.9391826971691064
0.8961173036207363
0.8606300766670576
0.901550691903715
0.8351752852155914
0.8756316692051331
0.8159828502635699
0.8169567399389112
0.8177589558061079
0.7651822821702166
0.770690773916729
0.7384487943863313
0.7122861165206402
0.6724883497376976
0.5916253716250428
0.5704740799474195
0.5401721516401332
0.5472581598268952
0.4986499738678167
0.47631278657274023
0.44827956549967635
0.4942354733184879
0.48800512617602754
0.485431839300622
0.5233284685823493
0.