0.2
0.2001
0.20020000000000002
0.2003
0.20040000000000002
0.2005
0.2006
0.20070000000000002
0.2008
0.20090000000000002
0.201
0.2011
0.20120000000000002
0.2013
0.20140000000000002
0.2015
0.2016
0.20170000000000002
0.2018
0.20190000000000002
0.202
0.2021
0.20220000000000002
0.2023
0.20240000000000002
0.2025
0.2026
0.20270000000000002
0.2028
0.20290000000000002
0.203
0.2031
0.20320000000000002
0.2033
0.20340000000000003
0.20350000000000001
0.2036
0.20370000000000002
0.2038
0.2039
0.20400000000000001
0.2041
0.20420000000000002
0.2043
0.2044
0.20450000000000002
0.2046
0.20470000000000002
0.2048
0.2049
0.20500000000000002
0.2051
0.20520000000000002
0.2053
0.2054
0.20550000000000002
0.2056
0.20570000000000002
0.2058
0.2059
0.20600000000000002
0.2061
0.20620000000000002
0.2063
0.2064
0.20650000000000002
0.2066
0.20670000000000002
0.2068
0.2069
0.20700000000000002
0.2071
0.20720000000000002
0.2073
0.2074
0.20750000000000002
0.2076
0.20770000000000002
0.2078
0.2079
0.20800000000000002
0.2081
0.20820000000000002
0.2083
0.2084
0.20850000000000002
0.2086
0.20870000000000002
0.2088
0.2089
0.20900000000000002
0.2091
0.2092
0.2093
0.2094
0.20950000000000002
0.2096
0.2097
0.20980000000000001
0.2099
0.21000000000000002
0.2101
0.2102
0.21030000000000001
0.2104
0.21050000000000002
0.2106
0.2107
0.21080000000000002
0.2109
0.21100000000000002
0.2111
0.2112
0.21130000000000002
0.2114
0.21150000000000002
0.2116
0.2117
0.21180000000000002
0.2119
0.21200000000000002
0.2121
0.2122
0.21230000000000002
0.2124
0.21250000000000002
0.2126
0.2127
0.21280000000000002
0.2129
0.21300000000000002
0.2131
0.2132
0.21330000000000002
0.2134
0.21350000000000002
0.2136
0.2137
0.21380000000000002
0.2139
0.21400000000000002
0.2141
0.2142
0.21430000000000002
0.2144
0.21450000000000002
0.2146
0.2147
0.21480000000000002
0.2149
0.21500000000000002
0.2151
0.2152
0.21530000000000002
0.2154
0.21550000000000002
0.2156
0.2157
0.21580000000000002
0.2159
0.21600000000000003
0.21610000000000001
0.2162
0.21630000000000002
0.2164
0.21650000000000003
0.21660000000000001
0.2167
0.21680000000000002
0.2169
0.21700000000000003
0.21710000000000002
0.2172
0.21730000000000002
0.2174
0.21750000000000003
0.21760000000000002
0.2177
0.21780000000000002
0.2179
0.21800000000000003
0.21810000000000002
0.2182
0.21830000000000002
0.2184
0.21850000000000003
0.21860000000000002
0.2187
0.21880000000000002
0.2189
0.219
0.21910000000000002
0.2192
0.21930000000000002
0.2194
0.2195
0.21960000000000002
0.2197
0.21980000000000002
0.2199
0.22
0.22010000000000002
0.2202
0.22030000000000002
0.2204
0.2205
0.22060000000000002
0.2207
0.22080000000000002
0.2209
0.221
0.22110000000000002
0.2212
0.2213
0.2214
0.2215
0.22160000000000002
0.2217
0.2218
0.22190000000000001
0.222
0.22210000000000002
0.2222
0.2223
0.22240000000000001
0.2225
0.22260000000000002
0.2227
0.2228
0.22290000000000001
0.223
0.22310000000000002
0.2232
0.2233
0.22340000000000002
0.2235
0.22360000000000002
0.2237
0.2238
0.22390000000000002
0.224
0.22410000000000002
0.2242
0.2243
0.22440000000000002
0.2245
0.22460000000000002
0.2247
0.2248
0.22490000000000002
0.225
0.22510000000000002
0.2252
0.2253
0.22540000000000002
0.2255
0.22560000000000002
0.2257
0.2258
0.22590000000000002
0.226
0.22610000000000002
0.2262
0.2263
0.22640000000000002
0.2265
0.22660000000000002
0.2267
0.2268
0.22690000000000002
0.227
0.22710000000000002
0.2272
0.2273
0.22740000000000002
0.2275
0.22760000000000002
0.2277
0.2278
0.22790000000000002
0.228
0.22810000000000002
0.22820000000000001
0.2283
0.22840000000000002
0.2285
0.22860000000000003
0.22870000000000001
0.2288
0.22890000000000002
0.229
0.22910000000000003
0.22920000000000001
0.2293
0.22940000000000002
0.2295
0.22960000000000003
0.22970000000000002
0.2298
0.22990000000000002
0.23
0.23010000000000003
0.23020000000000002
0.2303
0.23040000000000002
0.2305
0.23060000000000003
0.23070000000000002
0.2308
0.23090000000000002
0.231
0.23110000000000003
0.23120000000000002
0.2313
0.23140000000000002
0.2315
0.23160000000000003
0.23170000000000002
0.2318
0.23190000000000002
0.232
0.23210000000000003
0.23220000000000002
0.2323
0.2324
0.2325
0.23260000000000003
0.23270000000000002
0.2328
0.2329
0.233
0.23310000000000003
0.23320000000000002
0.2333
0.2334
0.2335
0.23360000000000003
0.23370000000000002
0.2338
0.2339
0.234
0.2341
0.23420000000000002
0.2343
0.2344
0.23450000000000001
0.2346
0.23470000000000002
0.2348
0.2349
0.23500000000000001
0.2351
0.23520000000000002
0.2353
0.2354
0.23550000000000001
0.2356
0.23570000000000002
0.2358
0.2359
0.23600000000000002
0.2361
0.23620000000000002
0.2363
0.2364
0.23650000000000002
0.2366
0.23670000000000002
0.2368
0.2369
0.23700000000000002
0.2371
0.23720000000000002
0.2373
0.2374
0.23750000000000002
0.2376
0.23770000000000002
0.2378
0.2379
0.23800000000000002
0.2381
0.23820000000000002
0.2383
0.2384
0.23850000000000002
0.2386
0.23870000000000002
0.2388
0.2389
0.23900000000000002
0.2391
0.23920000000000002
0.2393
0.2394
0.23950000000000002
0.2396
0.23970000000000002
0.2398
0.2399
0.24000000000000002
0.2401
0.24020000000000002
0.2403
0.2404
0.24050000000000002
0.2406
0.24070000000000003
0.24080000000000001
0.2409
0.24100000000000002
0.2411
0.24120000000000003
0.24130000000000001
0.2414
0.24150000000000002
0.2416
0.24170000000000003
0.24180000000000001
0.2419
0.24200000000000002
0.2421
0.24220000000000003
0.24230000000000002
0.2424
0.24250000000000002
0.2426
0.24270000000000003
0.24280000000000002
0.2429
0.24300000000000002
0.2431
0.24320000000000003
0.24330000000000002
0.2434
0.24350000000000002
0.2436
0.24370000000000003
0.24380000000000002
0.2439
0.24400000000000002
0.2441
0.24420000000000003
0.24430000000000002
0.2444
0.24450000000000002
0.2446
0.24470000000000003
0.24480000000000002
0.2449
0.24500000000000002
0.2451
0.24520000000000003
0.24530000000000002
0.2454
0.2455
0.2456
0.24570000000000003
0.24580000000000002
0.2459
0.246
0.2461
0.24620000000000003
0.24630000000000002
0.2464
0.2465
0.2466
0.24670000000000003
0.24680000000000002
0.2469
0.247
0.24710000000000001
0.2472
0.24730000000000002
0.2474
0.2475
0.24760000000000001
0.2477
0.24780000000000002
0.2479
0.248
0.24810000000000001
0.2482
0.24830000000000002
0.2484
0.2485
0.24860000000000002
0.2487
0.24880000000000002
0.2489
0.249
0.24910000000000002
0.2492
0.24930000000000002
0.2494
0.2495
0.24960000000000002
0.2497
0.24980000000000002
0.2499
0.25
0.2501
0.25020000000000003
0.2503
0.2504
0.2505
0.2506
0.25070000000000003
0.2508
0.2509
0.251
0.2511
0.25120000000000003
0.2513
0.2514
0.2515
0.2516
0.25170000000000003
0.2518
0.2519
0.252
0.2521
0.25220000000000004
0.2523
0.2524
0.2525
0.2526
0.25270000000000004
0.2528
0.2529
0.253
0.2531
0.25320000000000004
0.2533
0.2534
0.2535
0.2536
0.25370000000000004
0.2538
0.2539
0.254
0.2541
0.25420000000000004
0.2543
0.2544
0.2545
0.2546
0.25470000000000004
0.2548
0.2549
0.255
0.2551
0.25520000000000004
0.2553
0.2554
0.2555
0.2556
0.25570000000000004
0.2558
0.2559
0.256
0.2561
0.2562
0.25630000000000003
0.2564
0.2565
0.2566
0.25670000000000004
0.25680000000000003
0.2569
0.257
0.2571
0.2572
0.25730000000000003
0.2574
0.2575
0.2576
0.25770000000000004
0.25780000000000003
0.2579
0.258
0.2581
0.2582
0.25830000000000003
0.2584
0.2585
0.2586
0.25870000000000004
0.25880000000000003
0.2589
0.259
0.2591
0.2592
0.25930000000000003
0.2594
0.2595
0.2596
0.25970000000000004
0.25980000000000003
0.2599
0.26
0.2601
0.2602
0.26030000000000003
0.2604
0.2605
0.2606
0.26070000000000004
0.26080000000000003
0.2609
0.261
0.2611
0.2612
0.26130000000000003
0.2614
0.2615
0.2616
0.26170000000000004
0.26180000000000003
0.2619
0.262
0.2621
0.2622
0.26230000000000003
0.2624
0.2625
0.2626
0.26270000000000004
0.26280000000000003
0.2629
0.263
0.2631
0.2632
0.26330000000000003
0.2634
0.2635
0.2636
0.26370000000000005
0.26380000000000003
0.2639
0.264
0.2641
0.2642
0.26430000000000003
0.2644
0.2645
0.2646
0.26470000000000005
0.26480000000000004
0.2649
0.265
0.2651
0.2652
0.2653
0.2654
0.2655
0.2656
0.26570000000000005
0.26580000000000004
0.2659
0.266
0.2661
0.2662
0.2663
0.2664
0.2665
0.2666
0.26670000000000005
0.26680000000000004
0.2669
0.267
0.2671
0.2672
0.2673
0.2674
0.2675
0.2676
0.26770000000000005
0.26780000000000004
0.2679
0.268
0.2681
0.2682
0.2683
0.2684
0.2685
0.2686
0.2687
0.26880000000000004
0.26890000000000003
0.269
0.2691
0.2692
0.2693
0.26940000000000003
0.2695
0.2696
0.2697
0.26980000000000004
0.26990000000000003
0.27
0.2701
0.2702
0.2703
0.27040000000000003
0.2705
0.2706
0.2707
0.27080000000000004
0.27090000000000003
0.271
0.2711
0.2712
0.2713
0.27140000000000003
0.2715
0.2716
0.2717
0.27180000000000004
0.27190000000000003
0.272
0.2721
0.2722
0.2723
0.27240000000000003
0.2725
0.2726
0.2727
0.27280000000000004
0.27290000000000003
0.273
0.2731
0.2732
0.2733
0.27340000000000003
0.2735
0.2736
0.2737
0.27380000000000004
0.27390000000000003
0.274
0.2741
0.2742
0.2743
0.27440000000000003
0.2745
0.2746
0.2747
0.27480000000000004
0.27490000000000003
0.275
0.2751
0.2752
0.2753
0.27540000000000003
0.2755
0.2756
0.2757
0.27580000000000005
0.27590000000000003
0.276
0.2761
0.2762
0.2763
0.27640000000000003
0.2765
0.2766
0.2767
0.27680000000000005
0.27690000000000003
0.277
0.2771
0.2772
0.2773
0.27740000000000004
0.2775
0.2776
0.2777
0.27780000000000005
0.27790000000000004
0.278
0.2781
0.2782
0.2783
0.2784
0.2785
0.2786
0.2787
0.27880000000000005
0.27890000000000004
0.279
0.2791
0.2792
0.2793
0.2794
0.2795
0.2796
0.2797
0.27980000000000005
0.27990000000000004
0.28
0.2801
0.2802
0.2803
0.2804
0.2805
0.2806
0.2807
0.28080000000000005
0.28090000000000004
0.281
0.2811
0.2812
0.2813
0.2814
0.28150000000000003
0.2816
0.2817
0.2818
0.28190000000000004
0.28200000000000003
0.2821
0.2822
0.2823
0.2824
0.28250000000000003
0.2826
0.2827
0.2828
0.28290000000000004
0.28300000000000003
0.2831
0.2832
0.2833
0.2834
0.28350000000000003
0.2836
0.2837
0.2838
0.28390000000000004
0.28400000000000003
0.2841
0.2842
0.2843
0.2844
0.28450000000000003
0.2846
0.2847
0.2848
0.28490000000000004
0.28500000000000003
0.2851
0.2852
0.2853
0.2854
0.28550000000000003
0.2856
0.2857
0.2858
0.28590000000000004
0.28600000000000003
0.2861
0.2862
0.2863
0.2864
0.28650000000000003
0.2866
0.2867
0.2868
0.28690000000000004
0.28700000000000003
0.2871
0.2872
0.2873
0.2874
0.28750000000000003
0.2876
0.2877
0.2878
0.28790000000000004
0.28800000000000003
0.2881
0.2882
0.2883
0.2884
0.28850000000000003
0.2886
0.2887
0.2888
0.28890000000000005
0.28900000000000003
0.2891
0.2892
0.2893
0.2894
0.28950000000000004
0.2896
0.2897
0.2898
0.28990000000000005
0.29000000000000004
0.2901
0.2902
0.2903
0.2904
0.29050000000000004
0.2906
0.2907
0.2908
0.29090000000000005
0.29100000000000004
0.2911
0.2912
0.2913
0.2914
0.2915
0.2916
0.2917
0.2918
0.29190000000000005
0.29200000000000004
0.2921
0.2922
0.2923
0.2924
0.2925
0.2926
0.2927
0.2928
0.29290000000000005
0.29300000000000004
0.2931
0.2932
0.2933
0.2934
0.2935
0.2936
0.2937
0.2938
0.29390000000000005
0.29400000000000004
0.29410000000000003
0.2942
0.2943
0.2944
0.2945
0.29460000000000003
0.2947
0.2948
0.2949
0.29500000000000004
0.29510000000000003
0.2952
0.2953
0.2954
0.2955
0.29560000000000003
0.2957
0.2958
0.2959
0.29600000000000004
0.29610000000000003
0.2962
0.2963
0.2964
0.2965
0.29660000000000003
0.2967
0.2968
0.2969
0.29700000000000004
0.29710000000000003
0.2972
0.2973
0.2974
0.2975
0.29760000000000003
0.2977
0.2978
0.2979
0.29800000000000004
0.29810000000000003
0.2982
0.2983
0.2984
0.2985
0.29860000000000003
0.2987
0.2988
0.2989
0.29900000000000004
0.29910000000000003
0.2992
0.2993
0.2994
0.2995
0.29960000000000003
0.2997
0.2998
0.2999
0.30000000000000004
0.30010000000000003
0.3002
0.3003
0.3004
0.3005
0.30060000000000003
0.3007
0.3008
0.3009
0.30100000000000005
0.30110000000000003
0.3012
0.3013
0.3014
0.3015
0.30160000000000003
0.3017
0.3018
0.3019
0.30200000000000005
0.30210000000000004
0.3022
0.3023
0.3024
0.3025
0.30260000000000004
0.3027
0.3028
0.3029
0.30300000000000005
0.30310000000000004
0.3032
0.3033
0.3034
0.3035
0.30360000000000004
0.3037
0.3038
0.3039
0.30400000000000005
0.30410000000000004
0.3042
0.3043
0.3044
0.3045
0.3046
0.3047
0.3048
0.3049
0.30500000000000005
0.30510000000000004
0.3052
0.3053
0.3054
0.3055
0.3056
0.3057
0.3058
0.3059
0.30600000000000005
0.30610000000000004
0.3062
0.3063
0.3064
0.3065
0.3066
0.30670000000000003
0.3068
0.3069
0.30700000000000005
0.30710000000000004
0.30720000000000003
0.3073
0.3074
0.3075
0.3076
0.30770000000000003
0.3078
0.3079
0.308
0.30810000000000004
0.30820000000000003
0.3083
0.3084
0.3085
0.3086
0.30870000000000003
0.3088
0.3089
0.309
0.30910000000000004
0.30920000000000003
0.3093
0.3094
0.3095
0.3096
0.30970000000000003
0.3098
0.3099
0.31
0.31010000000000004
0.31020000000000003
0.3103
0.3104
0.3105
0.3106
0.31070000000000003
0.3108
0.3109
0.311
0.31110000000000004
0.31120000000000003
0.3113
0.3114
0.3115
0.3116
0.31170000000000003
0.3118
0.3119
0.312
0.31210000000000004
0.31220000000000003
0.3123
0.3124
0.3125
0.3126
0.31270000000000003
0.3128
0.3129
0.313
0.31310000000000004
0.31320000000000003
0.3133
0.3134
0.3135
0.3136
0.31370000000000003
0.3138
0.3139
0.314
0.31410000000000005
0.31420000000000003
0.3143
0.3144
0.3145
0.3146
0.31470000000000004
0.3148
0.3149
0.315
0.31510000000000005
0.31520000000000004
0.3153
0.3154
0.3155
0.3156
0.31570000000000004
0.3158
0.3159
0.316
0.31610000000000005
0.31620000000000004
0.3163
0.3164
0.3165
0.3166
0.31670000000000004
0.3168
0.3169
0.317
0.31710000000000005
0.31720000000000004
0.3173
0.3174
0.3175
0.3176
0.3177
0.3178
0.3179
0.318
0.31810000000000005
0.31820000000000004
0.3183
0.3184
0.3185
0.3186
0.3187
0.31880000000000003
0.3189
0.319
0.31910000000000005
0.31920000000000004
0.31930000000000003
0.3194
0.3195
0.3196
0.3197
0.31980000000000003
0.3199
0.32
0.32010000000000005
0.32020000000000004
0.32030000000000003
0.3204
0.3205
0.3206
0.3207
0.32080000000000003
0.3209
0.321
0.3211
0.32120000000000004
0.32130000000000003
0.3214
0.3215
0.3216
0.3217
0.32180000000000003
0.3219
0.322
0.3221
0.32220000000000004
0.32230000000000003
0.3224
0.3225
0.3226
0.3227
0.32280000000000003
0.3229
0.323
0.3231
0.32320000000000004
0.32330000000000003
0.3234
0.3235
0.3236
0.3237
0.32380000000000003
0.3239
0.324
0.3241
0.32420000000000004
0.32430000000000003
0.3244
0.3245
0.3246
0.3247
0.32480000000000003
0.3249
0.325
0.32510000000000006
0.32520000000000004
0.32530000000000003
0.3254
0.3255
0.3256
0.3257
0.3258
0.3259
0.326
0.32610000000000006
0.32620000000000005
0.32630000000000003
0.3264
0.3265
0.3266
0.3267
0.3268
0.3269
0.327
0.32710000000000006
0.32720000000000005
0.32730000000000004
0.3274
0.3275
0.3276
0.3277
0.3278
0.3279
0.328
0.32810000000000006
0.32820000000000005
0.32830000000000004
0.3284
0.3285
0.3286
0.3287
0.3288
0.3289
0.329
0.3291
0.32920000000000005
0.32930000000000004
0.3294
0.3295
0.3296
0.3297
0.3298
0.3299
0.33
0.3301
0.33020000000000005
0.33030000000000004
0.3304
0.3305
0.3306
0.3307
0.3308
0.3309
0.331
0.3311
0.33120000000000005
0.33130000000000004
0.33140000000000003
0.3315
0.3316
0.3317
0.3318
0.33190000000000003
0.332
0.3321
0.33220000000000005
0.33230000000000004
0.33240000000000003
0.3325
0.3326
0.3327
0.3328
0.33290000000000003
0.333
0.3331
0.33320000000000005
0.33330000000000004
0.33340000000000003
0.3335
0.3336
0.3337
0.3338
0.33390000000000003
0.334
0.3341
0.33420000000000005
0.33430000000000004
0.33440000000000003
0.3345
0.3346
0.3347
0.3348
0.33490000000000003
0.335
0.3351
0.33520000000000005
0.33530000000000004
0.33540000000000003
0.3355
0.3356
0.3357
0.3358
0.3359
0.336
0.3361
0.33620000000000005
0.33630000000000004
0.33640000000000003
0.3365
0.3366
0.3367
0.3368
0.3369
0.337
0.3371
0.33720000000000006
0.33730000000000004
0.33740000000000003
0.3375
0.3376
0.3377
0.3378
0.3379
0.338
0.3381
0.33820000000000006
0.33830000000000005
0.33840000000000003
0.3385
0.3386
0.3387
0.3388
0.3389
0.339
0.3391
0.33920000000000006
0.33930000000000005
0.33940000000000003
0.3395
0.3396
0.3397
0.3398
0.3399
0.34
0.3401
0.34020000000000006
0.34030000000000005
0.34040000000000004
0.3405
0.3406
0.3407
0.3408
0.3409
0.341
0.3411
0.34120000000000006
0.34130000000000005
0.34140000000000004
0.3415
0.3416
0.3417
0.3418
0.3419
0.342
0.3421
0.3422
0.34230000000000005
0.34240000000000004
0.3425
0.3426
0.3427
0.3428
0.3429
0.343
0.3431
0.3432
0.34330000000000005
0.34340000000000004
0.3435
0.3436
0.3437
0.3438
0.3439
0.34400000000000003
0.3441
0.3442
0.34430000000000005
0.34440000000000004
0.34450000000000003
0.3446
0.3447
0.3448
0.3449
0.34500000000000003
0.3451
0.3452
0.34530000000000005
0.34540000000000004
0.34550000000000003
0.3456
0.3457
0.3458
0.3459
0.34600000000000003
0.3461
0.3462
0.34630000000000005
0.34640000000000004
0.34650000000000003
0.3466
0.3467
0.3468
0.3469
0.34700000000000003
0.3471
0.3472
0.34730000000000005
0.34740000000000004
0.34750000000000003
0.3476
0.3477
0.3478
0.3479
0.34800000000000003
0.3481
0.3482
0.34830000000000005
0.34840000000000004
0.34850000000000003
0.3486
0.3487
0.3488
0.3489
0.349
0.3491
0.3492
0.34930000000000005
0.34940000000000004
0.34950000000000003
0.3496
0.3497
0.3498
0.3499
0.35
0.3501
0.3502
0.35030000000000006
0.35040000000000004
0.35050000000000003
0.3506
0.3507
0.3508
0.3509
0.351
0.3511
0.3512
0.35130000000000006
0.35140000000000005
0.35150000000000003
0.3516
0.3517
0.3518
0.3519
0.352
0.3521
0.3522
0.35230000000000006
0.35240000000000005
0.35250000000000004
0.3526
0.3527
0.3528
0.3529
0.353
0.3531
0.3532
0.35330000000000006
0.35340000000000005
0.35350000000000004
0.3536
0.3537
0.3538
0.3539
0.354
0.3541
0.3542
0.35430000000000006
0.35440000000000005
0.35450000000000004
0.3546
0.3547
0.3548
0.3549
0.355
0.3551
0.3552
0.3553
0.35540000000000005
0.35550000000000004
0.3556
0.3557
0.3558
0.3559
0.356
0.3561
0.3562
0.3563
0.35640000000000005
0.35650000000000004
0.35660000000000003
0.3567
0.3568
0.3569
0.357
0.35710000000000003
0.3572
0.3573
0.35740000000000005
0.35750000000000004
0.35760000000000003
0.3577
0.3578
0.3579
0.358
0.35810000000000003
0.3582
0.3583
0.35840000000000005
0.35850000000000004
0.35860000000000003
0.3587
0.3588
0.3589
0.359
0.35910000000000003
0.3592
0.3593
0.35940000000000005
0.35950000000000004
0.35960000000000003
0.3597
0.3598
0.3599
0.36
0.36010000000000003
0.3602
0.3603
0.36040000000000005
0.36050000000000004
0.36060000000000003
0.3607
0.3608
0.3609
0.361
0.36110000000000003
0.3612
0.3613
0.36140000000000005
0.36150000000000004
0.36160000000000003
0.3617
0.3618
0.3619
0.362
0.3621
0.3622
0.3623
0.36240000000000006
0.36250000000000004
0.36260000000000003
0.3627
0.3628
0.3629
0.363
0.3631
0.3632
0.3633
0.36340000000000006
0.36350000000000005
0.36360000000000003
0.3637
0.3638
0.3639
0.364
0.3641
0.3642
0.3643
0.36440000000000006
0.36450000000000005
0.36460000000000004
0.3647
0.3648
0.3649
0.365
0.3651
0.3652
0.3653
0.36540000000000006
0.36550000000000005
0.36560000000000004
0.3657
0.3658
0.3659
0.366
0.3661
0.3662
0.3663
0.36640000000000006
0.36650000000000005
0.36660000000000004
0.3667
0.3668
0.3669
0.367
0.3671
0.3672
0.3673
0.36740000000000006
0.36750000000000005
0.36760000000000004
0.3677
0.3678
0.3679
0.368
0.3681
0.3682
0.3683
0.36840000000000006
0.36850000000000005
0.36860000000000004
0.3687
0.3688
0.3689
0.369
0.3691
0.36920000000000003
0.3693
0.3694
0.36950000000000005
0.36960000000000004
0.36970000000000003
0.3698
0.3699
0.37
0.3701
0.37020000000000003
0.3703
0.3704
0.37050000000000005
0.37060000000000004
0.37070000000000003
0.3708
0.3709
0.371
0.3711
0.37120000000000003
0.3713
0.3714
0.37150000000000005
0.37160000000000004
0.37170000000000003
0.3718
0.3719
0.372
0.3721
0.37220000000000003
0.3723
0.3724
0.37250000000000005
0.37260000000000004
0.37270000000000003
0.3728
0.3729
0.373
0.3731
0.37320000000000003
0.3733
0.3734
0.37350000000000005
0.37360000000000004
0.37370000000000003
0.3738
0.3739
0.374
0.3741
0.37420000000000003
0.3743
0.3744
0.37450000000000006
0.37460000000000004
0.37470000000000003
0.3748
0.3749
0.375
0.3751
0.3752
0.3753
0.3754
0.37550000000000006
0.37560000000000004
0.37570000000000003
0.3758
0.3759
0.376
0.3761
0.3762
0.3763
0.3764
0.37650000000000006
0.37660000000000005
0.37670000000000003
0.3768
0.3769
0.377
0.3771
0.3772
0.3773
0.3774
0.37750000000000006
0.37760000000000005
0.37770000000000004
0.3778
0.3779
0.378
0.3781
0.3782
0.3783
0.3784
0.37850000000000006
0.37860000000000005
0.37870000000000004
0.3788
0.3789
0.379
0.3791
0.3792
0.3793
0.3794
0.37950000000000006
0.37960000000000005
0.37970000000000004
0.3798
0.3799
0.38
0.3801
0.3802
0.3803
0.3804
0.38050000000000006
0.38060000000000005
0.38070000000000004
0.3808
0.3809
0.381
0.3811
0.3812
0.38130000000000003
0.3814
0.38150000000000006
0.38160000000000005
0.38170000000000004
0.38180000000000003
0.3819
0.382
0.3821
0.3822
0.38230000000000003
0.3824
0.3825
0.38260000000000005
0.38270000000000004
0.38280000000000003
0.3829
0.383
0.3831
0.3832
0.38330000000000003
0.3834
0.3835
0.38360000000000005
0.38370000000000004
0.38380000000000003
0.3839
0.384
0.3841
0.3842
0.38430000000000003
0.3844
0.3845
0.38460000000000005
0.38470000000000004
0.38480000000000003
0.3849
0.385
0.3851
0.3852
0.38530000000000003
0.3854
0.3855
0.38560000000000005
0.38570000000000004
0.38580000000000003
0.3859
0.386
0.3861
0.3862
0.38630000000000003
0.3864
0.3865
0.38660000000000005
0.38670000000000004
0.38680000000000003
0.3869
0.387
0.3871
0.3872
0.38730000000000003
0.3874
0.3875
0.38760000000000006
0.38770000000000004
0.38780000000000003
0.3879
0.388
0.3881
0.3882
0.3883
0.3884
0.3885
0.38860000000000006
0.38870000000000005
0.38880000000000003
0.3889
0.389
0.3891
0.3892
0.3893
0.3894
0.3895
0.38960000000000006
0.38970000000000005
0.38980000000000004
0.3899
0.39
0.3901
0.3902
0.3903
0.3904
0.3905
0.39060000000000006
0.39070000000000005
0.39080000000000004
0.3909
0.391
0.3911
0.3912
0.3913
0.3914
0.3915
0.39160000000000006
0.39170000000000005
0.39180000000000004
0.3919
0.392
0.3921
0.3922
0.3923
0.3924
0.3925
0.39260000000000006
0.39270000000000005
0.39280000000000004
0.3929
0.393
0.3931
0.3932
0.3933
0.3934
0.3935
0.39360000000000006
0.39370000000000005
0.39380000000000004
0.39390000000000003
0.394
0.3941
0.3942
0.3943
0.39440000000000003
0.3945
0.39460000000000006
0.39470000000000005
0.39480000000000004
0.39490000000000003
0.395
0.3951
0.3952
0.3953
0.39540000000000003
0.3955
0.3956
0.39570000000000005
0.39580000000000004
0.39590000000000003
0.396
0.3961
0.3962
0.3963
0.39640000000000003
0.3965
0.3966
0.39670000000000005
0.39680000000000004
0.39690000000000003
0.397
0.3971
0.3972
0.3973
0.39740000000000003
0.3975
0.3976
0.39770000000000005
0.39780000000000004
0.39790000000000003
0.398
0.3981
0.3982
0.3983
0.39840000000000003
0.3985
0.3986
0.39870000000000005
0.39880000000000004
0.39890000000000003
0.399
0.3991
0.3992
0.3993
0.39940000000000003
0.3995
0.3996
0.39970000000000006
0.39980000000000004
0.39990000000000003
0.4